usaitstaffing
usacanadaproxysupport
sspvt
salesforceproxy
pythonconnect
proxyinterview3185003479
proxybaba
proxy.provider
powerbiproxyjobsupport
jobsupportinterviewproxy
itjobsproxysupportjobsupport
interviewsupport
guruschools
devopsjobsupport
SharathNanda.HJS
Brightfuturezone
985667405573908
982832322634191
964539641083918
961215941488570
948232536387195
918260799095683
914333616776905
899883611368673
884943635929882
862388944350543
825320999318698
821164439397811
779223933287054
775971254595572
774541319991265
756966342553074
753708006052451
753022619829123
732359588662246
730933711890952
728358885423494
715843946914959
712529273449629
698301247326048
696804187989396
693475921857891
691714535424622
6910913385586435
680600307202627
656854828203440
656397636252835
646234996888378
644672490943489
643565333627086
640298331255883
628888502579011
628349132424886
622965489627780
616161486460318
604108464558916
6039060709450069
600900574681461
600576788190262
5917515091629487
581116849768689
578750383214522
576258521020487
5736106983131469
564331712537017
557066629625835
554380638082484
550381766243980
550211523855447
542939387147366
535034511036473
530497543706637
524696115470402
510259397414973
510200662358308
498044762071340
495804010830408
493897831827773
490577219269119
476534818399557
4716505201794170
467977292283157
459440735400259
456104703639986
454450559582990
437572778804303
437315271086004
434893814278066
420045676729904
413120397045315
385646547349392
372455187717094
369532162502425
3602583636727289
358387083003072
355361447128972
3505755176419168
340309234676331
338872204936249
3383016678608196
3353394321546757
3328070940803047
3248469195392260
324758593099328
322444460119802
313111350257569
304359838868238
2982393781893413
2954805021441545
2905851192993696
289650663608498
2809897785890966
275440480652331
266992207432227
266053538627175
261544886335896
2571231196517558
257030653491703
2552098751617529
252076871014951
246583097006893
241977657793102
2374164529431982
2364717363818630
236204591898163
233254965812207
230196042410812
2220823588103243
2208902385828689
218728146018688
213557698345851
2040864089642554
1880474665344832
1853060791779743
1828012704074667
1798968477274815
1706771533078253
170660697176925
1676403422698743
1620917201589767
1609202959529199
1584859358287927
1573927763437862
1554497218337727
1542390229461773
152757685172500
1525582541533988
1448918712527788
1442507729858366
1430730440839309
141043508066995
1410287802864771
1390236124743446
1385149085698824
1319556835349514
1307056073521112
1295353547972871
1288873328398379
1265848353819524
1250983388953016
1225867244573416
1211140195756314
1181710479181487
1155158375091089
1093374668211389
1090123398621803
1063788774224572
105565305961790
1051773922236591
1044041550081238
group_traverse_already_date_fb_2025-11-06